left_sensor
	[(0,1), (8,0)]
	[(6,0), (21,1), (28,1), (33,0)]
	[(19,0), (30,1), (35,1), (48,0)]
	[(39,0), (50,1)]
right_sensor
	[(0,1), (6,0)]
	[(4,0), (17,1), (18,1), (27,0)]
	[(19,0), (30,1), (42,1), (47,0)]
	[(46,0), (50,1)]
front_sensor
	[(0,1), (3,0)]
	[(3,0), (3,1), (5,1), (7,0)]
	[(5,0), (4,1), (7,1), (15,0)]
	[(8,0), (20,1)]
angle
	[(-45,1), (-34,0)]
	[(-36,0), (-13,1), (-6,1), (8,0)]
	[(6,0), (7,1), (8,1), (10,0)]
	[(9,0), (10,1), (11,1), (17,0)]
	[(11,0), (45,1)]
left_sensor
	[(0,1), (8,0)]
	[(6,0), (21,1), (28,1), (33,0)]
	[(19,0), (30,1), (35,1), (48,0)]
	[(39,0), (50,1)]
right_sensor
	[(0,1), (6,0)]
	[(4,0), (17,1), (18,1), (27,0)]
	[(19,0), (30,1), (42,1), (47,0)]
	[(46,0), (50,1)]
front_sensor
	[(0,1), (3,0)]
	[(3,0), (3,1), (5,1), (7,0)]
	[(5,0), (4,1), (7,1), (15,0)]
	[(8,0), (20,1)]
velocity
	[(1,1), (3,0)]
	[(3,0), (3,1), (4,1), (12,0)]
	[(8,0), (13,1), (14,1), (19,0)]
	[(14,0), (20,1)]
