left_sensor
	[(0,1), (7,0)]
	[(7,0), (9,1), (15,1), (28,0)]
	[(11,0), (21,1), (23,1), (46,0)]
	[(31,0), (50,1)]
right_sensor
	[(0,1), (13,0)]
	[(12,0), (15,1), (16,1), (19,0)]
	[(16,0), (18,1), (32,1), (41,0)]
	[(32,0), (50,1)]
front_sensor
	[(0,1), (1,0)]
	[(1,0), (1,1), (2,1), (4,0)]
	[(2,0), (2,1), (6,1), (14,0)]
	[(6,0), (20,1)]
angle
	[(-45,1), (-38,0)]
	[(-41,0), (-26,1), (-24,1), (-8,0)]
	[(-17,0), (4,1), (11,1), (16,0)]
	[(-6,0), (14,1), (15,1), (34,0)]
	[(18,0), (45,1)]
left_sensor
	[(0,1), (7,0)]
	[(7,0), (9,1), (15,1), (28,0)]
	[(11,0), (21,1), (23,1), (46,0)]
	[(31,0), (50,1)]
right_sensor
	[(0,1), (13,0)]
	[(12,0), (15,1), (16,1), (19,0)]
	[(16,0), (18,1), (32,1), (41,0)]
	[(32,0), (50,1)]
front_sensor
	[(0,1), (1,0)]
	[(1,0), (1,1), (2,1), (4,0)]
	[(2,0), (2,1), (6,1), (14,0)]
	[(6,0), (20,1)]
velocity
	[(1,1), (9,0)]
	[(8,0), (10,1), (11,1), (14,0)]
	[(11,0), (11,1), (15,1), (18,0)]
	[(17,0), (20,1)]
Fitness: 115.94810379241517