left_sensor
	[(0,1), (3,0)]
	[(0,0), (14,1), (15,1), (18,0)]
	[(15,0), (34,1), (21,1), (35,0)]
	[(29,0), (50,1)]
right_sensor
	[(0,1), (5,0)]
	[(1,0), (2,1), (9,1), (17,0)]
	[(14,0), (29,1), (18,1), (48,0)]
	[(46,0), (0,1)]
front_sensor
	[(0,1), (8,0)]
	[(4,0), (9,1), (7,1), (10,0)]
	[(10,0), (16,1), (18,1), (20,0)]
	[(12,0), (0,1)]
angle
	[(-45,1), (-43,0)]
	[(-43,0), (-42,1), (-39,1), (-13,0)]
	[(-42,0), (-9,1), (10,1), (14,0)]
	[(9,0), (23,1), (29,1), (37,0)]
	[(35,0), (45,1)]
left_sensor
	[(0,1), (3,0)]
	[(0,0), (14,1), (15,1), (18,0)]
	[(15,0), (34,1), (21,1), (35,0)]
	[(29,0), (50,1)]
right_sensor
	[(0,1), (5,0)]
	[(1,0), (2,1), (9,1), (17,0)]
	[(14,0), (29,1), (18,1), (48,0)]
	[(46,0), (0,1)]
front_sensor
	[(0,1), (8,0)]
	[(4,0), (9,1), (7,1), (10,0)]
	[(10,0), (16,1), (18,1), (20,0)]
	[(12,0), (0,1)]
velocity
	[(1,1), (2,0)]
	[(2,0), (1,1), (12,1), (15,0)]
	[(10,0), (15,1), (16,1), (17,0)]
	[(16,0), (20,1)]
Fitness: 95.67664670658682