left_sensor
	[(0,1), (22,0)]
	[(19,0), (40,1), (24,1), (42,0)]
	[(24,0), (37,1), (42,1), (48,0)]
	[(44,0), (-1,1)]
right_sensor
	[(0,1), (20,0)]
	[(2,0), (15,1), (31,1), (32,0)]
	[(25,0), (30,1), (38,1), (41,0)]
	[(34,0), (0,1)]
front_sensor
	[(20,1), (2,0)]
	[(4,0), (6,1), (4,1), (7,0)]
	[(6,0), (12,1), (13,1), (16,0)]
	[(8,0), (0,1)]
angle
	[(-45,1), (-32,0)]
	[(-34,0), (-28,1), (-20,1), (-6,0)]
	[(-13,0), (-5,1), (-1,1), (22,0)]
	[(-2,0), (22,1), (27,1), (29,0)]
	[(28,0), (45,1)]
left_sensor
	[(0,1), (22,0)]
	[(19,0), (40,1), (24,1), (42,0)]
	[(24,0), (37,1), (42,1), (48,0)]
	[(44,0), (-1,1)]
right_sensor
	[(0,1), (20,0)]
	[(2,0), (15,1), (31,1), (32,0)]
	[(25,0), (30,1), (38,1), (41,0)]
	[(34,0), (0,1)]
front_sensor
	[(20,1), (2,0)]
	[(4,0), (6,1), (4,1), (7,0)]
	[(6,0), (12,1), (13,1), (16,0)]
	[(8,0), (0,1)]
velocity
	[(1,1), (2,0)]
	[(2,0), (5,1), (8,1), (11,0)]
	[(6,0), (9,1), (13,1), (19,0)]
	[(13,0), (20,1)]
Fitness: 90.99800399201597