left_sensor
	[(0,1), (14,0)]
	[(13,0), (24,1), (15,1), (43,0)]
	[(18,0), (27,1), (43,1), (49,0)]
	[(46,0), (0,1)]
right_sensor
	[(0,1), (3,0)]
	[(2,0), (6,1), (17,1), (29,0)]
	[(5,0), (35,1), (29,1), (48,0)]
	[(38,0), (50,1)]
front_sensor
	[(0,1), (11,0)]
	[(6,0), (10,1), (12,1), (13,0)]
	[(12,0), (12,1), (17,1), (19,0)]
	[(18,0), (-1,1)]
angle
	[(-45,1), (-40,0)]
	[(-44,0), (-39,1), (-37,1), (-5,0)]
	[(-29,0), (-10,1), (-6,1), (8,0)]
	[(-12,0), (8,1), (9,1), (10,0)]
	[(9,0), (45,1)]
left_sensor
	[(0,1), (14,0)]
	[(13,0), (24,1), (15,1), (43,0)]
	[(18,0), (27,1), (43,1), (49,0)]
	[(46,0), (0,1)]
right_sensor
	[(0,1), (3,0)]
	[(2,0), (6,1), (17,1), (29,0)]
	[(5,0), (35,1), (29,1), (48,0)]
	[(38,0), (50,1)]
front_sensor
	[(0,1), (11,0)]
	[(6,0), (10,1), (12,1), (13,0)]
	[(12,0), (12,1), (17,1), (19,0)]
	[(18,0), (-1,1)]
velocity
	[(1,1), (2,0)]
	[(2,0), (3,1), (9,1), (15,0)]
	[(8,0), (9,1), (18,1), (19,0)]
	[(18,0), (20,1)]
Fitness: 107.36726546906188