left_sensor
	[(0,1), (2,0)]
	[(1,0), (4,1), (7,1), (44,0)]
	[(17,0), (20,1), (45,1), (50,0)]
	[(45,0), (-1,1)]
right_sensor
	[(0,1), (19,0)]
	[(10,0), (15,1), (14,1), (32,0)]
	[(23,0), (30,1), (38,1), (46,0)]
	[(44,0), (50,1)]
front_sensor
	[(0,1), (12,0)]
	[(8,0), (14,1), (13,1), (17,0)]
	[(14,0), (18,1), (14,1), (19,0)]
	[(18,0), (20,1)]
angle
	[(-45,1), (-26,0)]
	[(-33,0), (-19,1), (-16,1), (-7,0)]
	[(-24,0), (1,1), (2,1), (16,0)]
	[(-9,0), (12,1), (31,1), (42,0)]
	[(37,0), (45,1)]
left_sensor
	[(0,1), (2,0)]
	[(1,0), (4,1), (7,1), (44,0)]
	[(17,0), (20,1), (45,1), (50,0)]
	[(45,0), (-1,1)]
right_sensor
	[(0,1), (19,0)]
	[(10,0), (15,1), (14,1), (32,0)]
	[(23,0), (30,1), (38,1), (46,0)]
	[(44,0), (50,1)]
front_sensor
	[(0,1), (12,0)]
	[(8,0), (14,1), (13,1), (17,0)]
	[(14,0), (18,1), (14,1), (19,0)]
	[(18,0), (20,1)]
velocity
	[(1,1), (4,0)]
	[(3,0), (4,1), (6,1), (13,0)]
	[(5,0), (7,1), (14,1), (15,0)]
	[(14,0), (20,1)]
Fitness: 95.38323353293413