left_sensor
	[(0,1), (32,0)]
	[(10,0), (40,1), (27,1), (41,0)]
	[(33,0), (33,1), (40,1), (45,0)]
	[(44,0), (50,1)]
right_sensor
	[(0,1), (11,0)]
	[(8,0), (12,1), (13,1), (28,0)]
	[(15,0), (25,1), (24,1), (47,0)]
	[(32,0), (0,1)]
front_sensor
	[(20,1), (4,0)]
	[(6,0), (9,1), (7,1), (10,0)]
	[(7,0), (13,1), (14,1), (18,0)]
	[(14,0), (20,1)]
angle
	[(-45,1), (-35,0)]
	[(-42,0), (-7,1), (-4,1), (15,0)]
	[(11,0), (23,1), (26,1), (27,0)]
	[(26,0), (30,1), (31,1), (38,0)]
	[(38,0), (45,1)]
left_sensor
	[(0,1), (32,0)]
	[(10,0), (40,1), (27,1), (41,0)]
	[(33,0), (33,1), (40,1), (45,0)]
	[(44,0), (50,1)]
right_sensor
	[(0,1), (11,0)]
	[(8,0), (12,1), (13,1), (28,0)]
	[(15,0), (25,1), (24,1), (47,0)]
	[(32,0), (0,1)]
front_sensor
	[(20,1), (4,0)]
	[(6,0), (9,1), (7,1), (10,0)]
	[(7,0), (13,1), (14,1), (18,0)]
	[(14,0), (20,1)]
velocity
	[(1,1), (3,0)]
	[(2,0), (7,1), (10,1), (15,0)]
	[(11,0), (14,1), (16,1), (17,0)]
	[(16,0), (20,1)]
Fitness: 107.59880239520957