left_sensor
	[(0,1), (7,0)]
	[(0,0), (1,1), (2,1), (14,0)]
	[(11,0), (11,1), (20,1), (35,0)]
	[(28,0), (0,1)]
right_sensor
	[(0,1), (3,0)]
	[(5,0), (8,1), (6,1), (12,0)]
	[(10,0), (46,1), (16,1), (48,0)]
	[(12,0), (50,1)]
front_sensor
	[(20,1), (6,0)]
	[(3,0), (5,1), (11,1), (14,0)]
	[(9,0), (11,1), (16,1), (18,0)]
	[(17,0), (0,1)]
angle
	[(-45,1), (-36,0)]
	[(-37,0), (-35,1), (-26,1), (3,0)]
	[(-8,0), (4,1), (5,1), (10,0)]
	[(5,0), (7,1), (11,1), (19,0)]
	[(17,0), (45,1)]
left_sensor
	[(0,1), (7,0)]
	[(0,0), (1,1), (2,1), (14,0)]
	[(11,0), (11,1), (20,1), (35,0)]
	[(28,0), (0,1)]
right_sensor
	[(0,1), (3,0)]
	[(5,0), (8,1), (6,1), (12,0)]
	[(10,0), (46,1), (16,1), (48,0)]
	[(12,0), (50,1)]
front_sensor
	[(20,1), (6,0)]
	[(3,0), (5,1), (11,1), (14,0)]
	[(9,0), (11,1), (16,1), (18,0)]
	[(17,0), (0,1)]
velocity
	[(1,1), (7,0)]
	[(2,0), (6,1), (9,1), (10,0)]
	[(9,0), (10,1), (11,1), (19,0)]
	[(17,0), (20,1)]
Fitness: 81.03393213572855