left_sensor
	[(0,1), (8,0)]
	[(5,0), (11,1), (10,1), (16,0)]
	[(17,0), (25,1), (27,1), (44,0)]
	[(31,0), (50,1)]
right_sensor
	[(0,1), (15,0)]
	[(9,0), (19,1), (20,1), (22,0)]
	[(18,0), (25,1), (29,1), (42,0)]
	[(25,0), (50,1)]
front_sensor
	[(0,1), (2,0)]
	[(1,0), (2,1), (6,1), (7,0)]
	[(5,0), (8,1), (6,1), (9,0)]
	[(8,0), (0,1)]
angle
	[(-45,1), (-35,0)]
	[(-42,0), (-32,1), (-18,1), (-4,0)]
	[(-19,0), (-14,1), (-4,1), (15,0)]
	[(-11,0), (9,1), (32,1), (42,0)]
	[(37,0), (45,1)]
left_sensor
	[(0,1), (8,0)]
	[(5,0), (11,1), (10,1), (16,0)]
	[(17,0), (25,1), (27,1), (44,0)]
	[(31,0), (50,1)]
right_sensor
	[(0,1), (15,0)]
	[(9,0), (19,1), (20,1), (22,0)]
	[(18,0), (25,1), (29,1), (42,0)]
	[(25,0), (50,1)]
front_sensor
	[(0,1), (2,0)]
	[(1,0), (2,1), (6,1), (7,0)]
	[(5,0), (8,1), (6,1), (9,0)]
	[(8,0), (0,1)]
velocity
	[(1,1), (4,0)]
	[(2,0), (3,1), (11,1), (11,0)]
	[(9,0), (10,1), (11,1), (18,0)]
	[(18,0), (20,1)]
Fitness: 76.3313373253493