left_sensor
	[(0,1), (17,0)]
	[(9,0), (31,1), (41,1), (44,0)]
	[(22,0), (23,1), (45,1), (47,0)]
	[(46,0), (50,1)]
right_sensor
	[(0,1), (8,0)]
	[(0,0), (3,1), (30,1), (31,0)]
	[(20,0), (46,1), (34,1), (50,0)]
	[(47,0), (-1,1)]
front_sensor
	[(0,1), (9,0)]
	[(9,0), (13,1), (14,1), (17,0)]
	[(14,0), (17,1), (18,1), (18,0)]
	[(18,0), (-2,1)]
angle
	[(-45,1), (-15,0)]
	[(-25,0), (-12,1), (-10,1), (1,0)]
	[(-10,0), (-5,1), (2,1), (2,0)]
	[(-3,0), (1,1), (3,1), (22,0)]
	[(3,0), (45,1)]
left_sensor
	[(0,1), (17,0)]
	[(9,0), (31,1), (41,1), (44,0)]
	[(22,0), (23,1), (45,1), (47,0)]
	[(46,0), (50,1)]
right_sensor
	[(0,1), (8,0)]
	[(0,0), (3,1), (30,1), (31,0)]
	[(20,0), (46,1), (34,1), (50,0)]
	[(47,0), (-1,1)]
front_sensor
	[(0,1), (9,0)]
	[(9,0), (13,1), (14,1), (17,0)]
	[(14,0), (17,1), (18,1), (18,0)]
	[(18,0), (-2,1)]
velocity
	[(1,1), (5,0)]
	[(4,0), (5,1), (6,1), (12,0)]
	[(6,0), (8,1), (10,1), (19,0)]
	[(13,0), (20,1)]
Fitness: 78.8942115768463