left_sensor
	[(0,1), (16,0)]
	[(6,0), (19,1), (20,1), (29,0)]
	[(22,0), (38,1), (47,1), (49,0)]
	[(32,0), (50,1)]
right_sensor
	[(0,1), (11,0)]
	[(9,0), (22,1), (18,1), (41,0)]
	[(14,0), (33,1), (30,1), (49,0)]
	[(46,0), (0,1)]
front_sensor
	[(20,1), (3,0)]
	[(1,0), (5,1), (10,1), (17,0)]
	[(17,0), (19,1), (17,1), (21,0)]
	[(18,0), (-2,1)]
angle
	[(-45,1), (-17,0)]
	[(-40,0), (-5,1), (-3,1), (3,0)]
	[(-1,0), (4,1), (5,1), (23,0)]
	[(2,0), (15,1), (16,1), (37,0)]
	[(25,0), (45,1)]
left_sensor
	[(0,1), (16,0)]
	[(6,0), (19,1), (20,1), (29,0)]
	[(22,0), (38,1), (47,1), (49,0)]
	[(32,0), (50,1)]
right_sensor
	[(0,1), (11,0)]
	[(9,0), (22,1), (18,1), (41,0)]
	[(14,0), (33,1), (30,1), (49,0)]
	[(46,0), (0,1)]
front_sensor
	[(20,1), (3,0)]
	[(1,0), (5,1), (10,1), (17,0)]
	[(17,0), (19,1), (17,1), (21,0)]
	[(18,0), (-2,1)]
velocity
	[(1,1), (5,0)]
	[(5,0), (5,1), (8,1), (8,0)]
	[(8,0), (7,1), (8,1), (15,0)]
	[(9,0), (20,1)]
Fitness: 75.31337325349301