left_sensor
	[(0,1), (9,0)]
	[(0,0), (28,1), (3,1), (40,0)]
	[(15,0), (15,1), (26,1), (45,0)]
	[(43,0), (50,1)]
right_sensor
	[(0,1), (12,0)]
	[(6,0), (8,1), (16,1), (22,0)]
	[(17,0), (27,1), (28,1), (47,0)]
	[(36,0), (50,1)]
front_sensor
	[(20,1), (5,0)]
	[(6,0), (9,1), (10,1), (18,0)]
	[(10,0), (18,1), (14,1), (20,0)]
	[(18,0), (-1,1)]
angle
	[(-45,1), (2,0)]
	[(2,0), (4,1), (5,1), (8,0)]
	[(4,0), (7,1), (8,1), (15,0)]
	[(8,0), (9,1), (32,1), (39,0)]
	[(38,0), (45,1)]
left_sensor
	[(0,1), (9,0)]
	[(0,0), (28,1), (3,1), (40,0)]
	[(15,0), (15,1), (26,1), (45,0)]
	[(43,0), (50,1)]
right_sensor
	[(0,1), (12,0)]
	[(6,0), (8,1), (16,1), (22,0)]
	[(17,0), (27,1), (28,1), (47,0)]
	[(36,0), (50,1)]
front_sensor
	[(20,1), (5,0)]
	[(6,0), (9,1), (10,1), (18,0)]
	[(10,0), (18,1), (14,1), (20,0)]
	[(18,0), (-1,1)]
velocity
	[(1,1), (10,0)]
	[(6,0), (9,1), (10,1), (11,0)]
	[(11,0), (10,1), (11,1), (13,0)]
	[(12,0), (20,1)]
Fitness: 58.07385229540918