left_sensor
	[(0,1), (2,0)]
	[(2,0), (21,1), (16,1), (26,0)]
	[(12,0), (13,1), (25,1), (45,0)]
	[(45,0), (50,1)]
right_sensor
	[(0,1), (15,0)]
	[(14,0), (23,1), (25,1), (31,0)]
	[(21,0), (26,1), (27,1), (49,0)]
	[(35,0), (-1,1)]
front_sensor
	[(0,1), (12,0)]
	[(6,0), (7,1), (13,1), (16,0)]
	[(14,0), (14,1), (18,1), (19,0)]
	[(18,0), (20,1)]
angle
	[(-45,1), (-44,0)]
	[(-44,0), (-43,1), (-41,1), (-2,0)]
	[(-40,0), (-32,1), (7,1), (18,0)]
	[(-34,0), (25,1), (30,1), (39,0)]
	[(30,0), (45,1)]
left_sensor
	[(0,1), (2,0)]
	[(2,0), (21,1), (16,1), (26,0)]
	[(12,0), (13,1), (25,1), (45,0)]
	[(45,0), (50,1)]
right_sensor
	[(0,1), (15,0)]
	[(14,0), (23,1), (25,1), (31,0)]
	[(21,0), (26,1), (27,1), (49,0)]
	[(35,0), (-1,1)]
front_sensor
	[(0,1), (12,0)]
	[(6,0), (7,1), (13,1), (16,0)]
	[(14,0), (14,1), (18,1), (19,0)]
	[(18,0), (20,1)]
velocity
	[(1,1), (4,0)]
	[(4,0), (3,1), (7,1), (8,0)]
	[(6,0), (9,1), (10,1), (18,0)]
	[(14,0), (20,1)]
Fitness: 76.82834331337325