left_sensor
	[(0,1), (11,0)]
	[(6,0), (6,1), (27,1), (45,0)]
	[(19,0), (38,1), (43,1), (46,0)]
	[(44,0), (0,1)]
right_sensor
	[(0,1), (5,0)]
	[(2,0), (9,1), (13,1), (26,0)]
	[(18,0), (25,1), (26,1), (39,0)]
	[(41,0), (0,1)]
front_sensor
	[(22,1), (11,0)]
	[(9,0), (11,1), (10,1), (12,0)]
	[(13,0), (13,1), (14,1), (18,0)]
	[(15,0), (20,1)]
angle
	[(-45,1), (-20,0)]
	[(-33,0), (-11,1), (-10,1), (7,0)]
	[(-5,0), (0,1), (6,1), (9,0)]
	[(8,0), (7,1), (11,1), (31,0)]
	[(15,0), (45,1)]
left_sensor
	[(0,1), (11,0)]
	[(6,0), (6,1), (27,1), (45,0)]
	[(19,0), (38,1), (43,1), (46,0)]
	[(44,0), (0,1)]
right_sensor
	[(0,1), (5,0)]
	[(2,0), (9,1), (13,1), (26,0)]
	[(18,0), (25,1), (26,1), (39,0)]
	[(41,0), (0,1)]
front_sensor
	[(22,1), (11,0)]
	[(9,0), (11,1), (10,1), (12,0)]
	[(13,0), (13,1), (14,1), (18,0)]
	[(15,0), (20,1)]
velocity
	[(1,1), (2,0)]
	[(2,0), (2,1), (4,1), (8,0)]
	[(3,0), (13,1), (16,1), (19,0)]
	[(16,0), (20,1)]
Fitness: 51.880239520958085