left_sensor
	[(0,1), (18,0)]
	[(1,0), (31,1), (40,1), (44,0)]
	[(27,0), (39,1), (30,1), (46,0)]
	[(48,0), (0,1)]
right_sensor
	[(0,1), (16,0)]
	[(2,0), (11,1), (9,1), (26,0)]
	[(18,0), (33,1), (29,1), (34,0)]
	[(34,0), (0,1)]
front_sensor
	[(20,1), (8,0)]
	[(10,0), (13,1), (11,1), (14,0)]
	[(7,0), (11,1), (7,1), (15,0)]
	[(16,0), (20,1)]
angle
	[(-45,1), (-27,0)]
	[(-31,0), (-15,1), (-11,1), (2,0)]
	[(-23,0), (-8,1), (6,1), (8,0)]
	[(5,0), (8,1), (9,1), (35,0)]
	[(11,0), (45,1)]
left_sensor
	[(0,1), (18,0)]
	[(1,0), (31,1), (40,1), (44,0)]
	[(27,0), (39,1), (30,1), (46,0)]
	[(48,0), (0,1)]
right_sensor
	[(0,1), (16,0)]
	[(2,0), (11,1), (9,1), (26,0)]
	[(18,0), (33,1), (29,1), (34,0)]
	[(34,0), (0,1)]
front_sensor
	[(20,1), (8,0)]
	[(10,0), (13,1), (11,1), (14,0)]
	[(7,0), (11,1), (7,1), (15,0)]
	[(16,0), (20,1)]
velocity
	[(1,1), (11,0)]
	[(7,0), (10,1), (12,1), (12,0)]
	[(12,0), (11,1), (12,1), (13,0)]
	[(13,0), (20,1)]
Fitness: 46.96207584830339