left_sensor
	[(0,1), (9,0)]
	[(2,0), (11,1), (2,1), (20,0)]
	[(16,0), (22,1), (31,1), (36,0)]
	[(34,0), (0,1)]
right_sensor
	[(0,1), (17,0)]
	[(6,0), (14,1), (31,1), (46,0)]
	[(33,0), (37,1), (38,1), (47,0)]
	[(47,0), (50,1)]
front_sensor
	[(20,1), (9,0)]
	[(9,0), (11,1), (12,1), (16,0)]
	[(13,0), (15,1), (17,1), (19,0)]
	[(14,0), (0,1)]
angle
	[(-45,1), (-41,0)]
	[(-41,0), (-41,1), (-40,1), (-24,0)]
	[(-38,0), (-36,1), (-35,1), (-19,0)]
	[(-28,0), (-21,1), (-19,1), (40,0)]
	[(-11,0), (45,1)]
left_sensor
	[(0,1), (9,0)]
	[(2,0), (11,1), (2,1), (20,0)]
	[(16,0), (22,1), (31,1), (36,0)]
	[(34,0), (0,1)]
right_sensor
	[(0,1), (17,0)]
	[(6,0), (14,1), (31,1), (46,0)]
	[(33,0), (37,1), (38,1), (47,0)]
	[(47,0), (50,1)]
front_sensor
	[(20,1), (9,0)]
	[(9,0), (11,1), (12,1), (16,0)]
	[(13,0), (15,1), (17,1), (19,0)]
	[(14,0), (0,1)]
velocity
	[(1,1), (4,0)]
	[(2,0), (3,1), (4,1), (8,0)]
	[(6,0), (10,1), (11,1), (18,0)]
	[(18,0), (20,1)]
Fitness: 38.60279441117765