left_sensor
	[(0,1), (3,0)]
	[(4,0), (35,1), (4,1), (39,0)]
	[(18,0), (24,1), (34,1), (50,0)]
	[(48,0), (0,1)]
right_sensor
	[(0,1), (1,0)]
	[(1,0), (11,1), (16,1), (25,0)]
	[(13,0), (33,1), (30,1), (36,0)]
	[(26,0), (50,1)]
front_sensor
	[(20,1), (6,0)]
	[(0,0), (8,1), (3,1), (12,0)]
	[(16,0), (16,1), (18,1), (20,0)]
	[(17,0), (0,1)]
angle
	[(-45,1), (-38,0)]
	[(-38,0), (9,1), (10,1), (17,0)]
	[(9,0), (14,1), (22,1), (23,0)]
	[(13,0), (22,1), (25,1), (25,0)]
	[(25,0), (45,1)]
left_sensor
	[(0,1), (3,0)]
	[(4,0), (35,1), (4,1), (39,0)]
	[(18,0), (24,1), (34,1), (50,0)]
	[(48,0), (0,1)]
right_sensor
	[(0,1), (1,0)]
	[(1,0), (11,1), (16,1), (25,0)]
	[(13,0), (33,1), (30,1), (36,0)]
	[(26,0), (50,1)]
front_sensor
	[(20,1), (6,0)]
	[(0,0), (8,1), (3,1), (12,0)]
	[(16,0), (16,1), (18,1), (20,0)]
	[(17,0), (0,1)]
velocity
	[(1,1), (2,0)]
	[(2,0), (1,1), (6,1), (6,0)]
	[(5,0), (9,1), (12,1), (13,0)]
	[(12,0), (20,1)]
Fitness: 35.181636726546905