left_sensor
	[(0,1), (6,0)]
	[(4,0), (13,1), (8,1), (23,0)]
	[(17,0), (17,1), (19,1), (29,0)]
	[(27,0), (0,1)]
right_sensor
	[(0,1), (5,0)]
	[(2,0), (8,1), (11,1), (25,0)]
	[(15,0), (20,1), (42,1), (47,0)]
	[(39,0), (0,1)]
front_sensor
	[(22,1), (6,0)]
	[(0,0), (0,1), (3,1), (10,0)]
	[(15,0), (16,1), (18,1), (19,0)]
	[(18,0), (20,1)]
angle
	[(-45,1), (-31,0)]
	[(-33,0), (-18,1), (-2,1), (20,0)]
	[(0,0), (10,1), (22,1), (25,0)]
	[(11,0), (23,1), (25,1), (27,0)]
	[(26,0), (45,1)]
left_sensor
	[(0,1), (6,0)]
	[(4,0), (13,1), (8,1), (23,0)]
	[(17,0), (17,1), (19,1), (29,0)]
	[(27,0), (0,1)]
right_sensor
	[(0,1), (5,0)]
	[(2,0), (8,1), (11,1), (25,0)]
	[(15,0), (20,1), (42,1), (47,0)]
	[(39,0), (0,1)]
front_sensor
	[(22,1), (6,0)]
	[(0,0), (0,1), (3,1), (10,0)]
	[(15,0), (16,1), (18,1), (19,0)]
	[(18,0), (20,1)]
velocity
	[(1,1), (7,0)]
	[(6,0), (6,1), (8,1), (13,0)]
	[(12,0), (13,1), (14,1), (18,0)]
	[(14,0), (20,1)]
Fitness: 29.193612774451097