left_sensor
	[(0,1), (21,0)]
	[(7,0), (20,1), (21,1), (25,0)]
	[(23,0), (23,1), (28,1), (41,0)]
	[(28,0), (0,1)]
right_sensor
	[(0,1), (22,0)]
	[(9,0), (24,1), (28,1), (35,0)]
	[(32,0), (33,1), (32,1), (36,0)]
	[(36,0), (50,1)]
front_sensor
	[(20,1), (11,0)]
	[(5,0), (7,1), (9,1), (11,0)]
	[(14,0), (14,1), (16,1), (17,0)]
	[(13,0), (20,1)]
angle
	[(-45,1), (-27,0)]
	[(-35,0), (-28,1), (-26,1), (-16,0)]
	[(-16,0), (-10,1), (-6,1), (18,0)]
	[(-9,0), (5,1), (26,1), (41,0)]
	[(41,0), (45,1)]
left_sensor
	[(0,1), (21,0)]
	[(7,0), (20,1), (21,1), (25,0)]
	[(23,0), (23,1), (28,1), (41,0)]
	[(28,0), (0,1)]
right_sensor
	[(0,1), (22,0)]
	[(9,0), (24,1), (28,1), (35,0)]
	[(32,0), (33,1), (32,1), (36,0)]
	[(36,0), (50,1)]
front_sensor
	[(20,1), (11,0)]
	[(5,0), (7,1), (9,1), (11,0)]
	[(14,0), (14,1), (16,1), (17,0)]
	[(13,0), (20,1)]
velocity
	[(1,1), (2,0)]
	[(2,0), (1,1), (3,1), (3,0)]
	[(3,0), (2,1), (8,1), (19,0)]
	[(8,0), (20,1)]
Fitness: 54.600798403193615