left_sensor
	[(0,1), (16,0)]
	[(16,0), (25,1), (16,1), (26,0)]
	[(15,0), (18,1), (30,1), (42,0)]
	[(30,0), (50,1)]
right_sensor
	[(0,1), (15,0)]
	[(15,0), (17,1), (16,1), (20,0)]
	[(15,0), (29,1), (30,1), (41,0)]
	[(23,0), (0,1)]
front_sensor
	[(20,1), (11,0)]
	[(3,0), (14,1), (5,1), (15,0)]
	[(16,0), (16,1), (17,1), (19,0)]
	[(18,0), (0,1)]
angle
	[(-45,1), (-32,0)]
	[(-38,0), (-32,1), (-29,1), (-1,0)]
	[(-20,0), (-18,1), (-12,1), (10,0)]
	[(-4,0), (-1,1), (2,1), (31,0)]
	[(24,0), (45,1)]
left_sensor
	[(0,1), (16,0)]
	[(16,0), (25,1), (16,1), (26,0)]
	[(15,0), (18,1), (30,1), (42,0)]
	[(30,0), (50,1)]
right_sensor
	[(0,1), (15,0)]
	[(15,0), (17,1), (16,1), (20,0)]
	[(15,0), (29,1), (30,1), (41,0)]
	[(23,0), (0,1)]
front_sensor
	[(20,1), (11,0)]
	[(3,0), (14,1), (5,1), (15,0)]
	[(16,0), (16,1), (17,1), (19,0)]
	[(18,0), (0,1)]
velocity
	[(1,1), (2,0)]
	[(2,0), (1,1), (4,1), (6,0)]
	[(6,0), (5,1), (6,1), (11,0)]
	[(7,0), (20,1)]
Fitness: 20.5748502994012