left_sensor
	[(0,1), (3,0)]
	[(3,0), (3,1), (12,1), (18,0)]
	[(9,0), (11,1), (29,1), (44,0)]
	[(23,0), (-1,1)]
right_sensor
	[(0,1), (12,0)]
	[(5,0), (10,1), (8,1), (23,0)]
	[(14,0), (14,1), (31,1), (45,0)]
	[(41,0), (50,1)]
front_sensor
	[(20,1), (6,0)]
	[(5,0), (7,1), (9,1), (15,0)]
	[(9,0), (16,1), (15,1), (19,0)]
	[(17,0), (-2,1)]
angle
	[(-45,1), (-32,0)]
	[(-40,0), (-33,1), (-31,1), (-23,0)]
	[(-30,0), (-23,1), (-19,1), (7,0)]
	[(-18,0), (-2,1), (9,1), (30,0)]
	[(14,0), (45,1)]
left_sensor
	[(0,1), (3,0)]
	[(3,0), (3,1), (12,1), (18,0)]
	[(9,0), (11,1), (29,1), (44,0)]
	[(23,0), (-1,1)]
right_sensor
	[(0,1), (12,0)]
	[(5,0), (10,1), (8,1), (23,0)]
	[(14,0), (14,1), (31,1), (45,0)]
	[(41,0), (50,1)]
front_sensor
	[(20,1), (6,0)]
	[(5,0), (7,1), (9,1), (15,0)]
	[(9,0), (16,1), (15,1), (19,0)]
	[(17,0), (-2,1)]
velocity
	[(1,1), (3,0)]
	[(3,0), (2,1), (4,1), (5,0)]
	[(4,0), (4,1), (5,1), (14,0)]
	[(6,0), (20,1)]
Fitness: 29.405189620758485