left_sensor
	[(0,1), (10,0)]
	[(8,0), (21,1), (26,1), (29,0)]
	[(17,0), (27,1), (28,1), (33,0)]
	[(30,0), (50,1)]
right_sensor
	[(0,1), (9,0)]
	[(7,0), (10,1), (16,1), (20,0)]
	[(18,0), (20,1), (21,1), (38,0)]
	[(22,0), (50,1)]
front_sensor
	[(0,1), (3,0)]
	[(3,0), (5,1), (12,1), (13,0)]
	[(9,0), (13,1), (17,1), (18,0)]
	[(17,0), (20,1)]
angle
	[(-45,1), (-17,0)]
	[(-19,0), (-18,1), (-16,1), (-13,0)]
	[(-16,0), (-9,1), (3,1), (21,0)]
	[(18,0), (19,1), (27,1), (44,0)]
	[(41,0), (45,1)]
left_sensor
	[(0,1), (10,0)]
	[(8,0), (21,1), (26,1), (29,0)]
	[(17,0), (27,1), (28,1), (33,0)]
	[(30,0), (50,1)]
right_sensor
	[(0,1), (9,0)]
	[(7,0), (10,1), (16,1), (20,0)]
	[(18,0), (20,1), (21,1), (38,0)]
	[(22,0), (50,1)]
front_sensor
	[(0,1), (3,0)]
	[(3,0), (5,1), (12,1), (13,0)]
	[(9,0), (13,1), (17,1), (18,0)]
	[(17,0), (20,1)]
velocity
	[(1,1), (4,0)]
	[(3,0), (4,1), (5,1), (15,0)]
	[(6,0), (7,1), (12,1), (18,0)]
	[(17,0), (20,1)]
Fitness: 81.10978043912175