left_sensor
	[(0,1), (9,0)]
	[(8,0), (9,1), (10,1), (15,0)]
	[(10,0), (16,1), (26,1), (28,0)]
	[(28,0), (0,1)]
right_sensor
	[(0,1), (26,0)]
	[(14,0), (25,1), (28,1), (29,0)]
	[(27,0), (28,1), (30,1), (35,0)]
	[(31,0), (0,1)]
front_sensor
	[(20,1), (3,0)]
	[(2,0), (4,1), (7,1), (16,0)]
	[(8,0), (8,1), (15,1), (19,0)]
	[(17,0), (20,1)]
angle
	[(-45,1), (-34,0)]
	[(-37,0), (-33,1), (-28,1), (-4,0)]
	[(-25,0), (-21,1), (-12,1), (14,0)]
	[(-13,0), (2,1), (19,1), (34,0)]
	[(22,0), (45,1)]
left_sensor
	[(0,1), (9,0)]
	[(8,0), (9,1), (10,1), (15,0)]
	[(10,0), (16,1), (26,1), (28,0)]
	[(28,0), (0,1)]
right_sensor
	[(0,1), (26,0)]
	[(14,0), (25,1), (28,1), (29,0)]
	[(27,0), (28,1), (30,1), (35,0)]
	[(31,0), (0,1)]
front_sensor
	[(20,1), (3,0)]
	[(2,0), (4,1), (7,1), (16,0)]
	[(8,0), (8,1), (15,1), (19,0)]
	[(17,0), (20,1)]
velocity
	[(1,1), (3,0)]
	[(2,0), (2,1), (7,1), (13,0)]
	[(4,0), (7,1), (14,1), (19,0)]
	[(18,0), (20,1)]
